chips.csv:

linear kernel
accuracy	            C
0.48269230769230775	    0.1
0.4745726495726495	    100.0
0.46517094017094013	    5.0
0.44914529914529916	    50.0
0.44871794871794873	    0.5

polynomial kernel
accuracy	            C	    degree
0.7549145299145299	    50.0	2
0.7363247863247863	    10.0	2
0.7286324786324786	    1.0	    2
0.7202991452991453	    1.0	    4
0.7023504273504274	    0.5	    2

gaussian kernel
accuracy	            ะก	    beta
0.813888888888889	    5.0	    2
0.7965811965811965	    5.0	    1
0.7961538461538461	    5.0	    3
0.7799145299145299	    5.0	    5
0.7720085470085469	    10.0	4


------------------------------------
geyser.csv

linear kernel
accuracy	            C
0.8513513513513514	    50.0
0.8243243243243242	    0.1
0.8198198198198199	    100.0
0.8018018018018017	    5.0
0.7792792792792792	    1.0

polynomial kernel
accuracy	            C	    degree
0.7567567567567567	    5.0	    2
0.7072072072072072	    1.0	    2
0.6981981981981983	    50.0	3
0.6936936936936937	    10.0	5
0.6936936936936937	    10.0	4

gaussian kernel
accuracy	            ะก	    beta
0.891891891891892	    1.0	    1
0.8918918918918918	    0.5	    1
0.8873873873873874	    1.0	    2
0.8828828828828829	    0.5	    2
0.8603603603603602	    5.0	    2
